iteration,max_fitness,time,test_accuracy
0,-13.892843,0.0,-25.286451
1,-13.892843,1.3517496585845947,[-25.286451]
2,-9.507108,0.7088878154754639,[-16.82508]
3,-1.355869,0.715306282043457,[-2.330886]
4,-1.355869,0.6846997737884521,[-2.330886]
5,-1.3443215,0.6811370849609375,[-2.310371]
6,-1.3443215,0.6555702686309814,[-2.310371]
7,-1.3443215,0.6776373386383057,[-2.310371]
8,-1.3443215,0.6504459381103516,[-2.310371]
9,-1.3443215,0.664499044418335,[-2.310371]
10,-1.3443215,0.6978366374969482,[-2.310371]
11,-1.3443215,0.6821107864379883,[-2.310371]
12,-1.3443215,0.6847918033599854,[-2.310371]
13,-1.3443215,0.6945781707763672,[-2.310371]
14,-1.3443215,0.6780269145965576,[-2.310371]
15,-1.3443215,0.6756100654602051,[-2.310371]
16,-1.3443215,0.7380313873291016,[-2.310371]
17,-1.3443215,0.6967253684997559,[-2.310371]
18,-1.3443215,0.649446964263916,[-2.310371]
19,-1.3443215,0.6458206176757812,[-2.310371]
20,-1.3443215,0.7265512943267822,[-2.310371]
21,-1.3443215,0.6673250198364258,[-2.310371]
22,-1.3443215,0.7081851959228516,[-2.310371]
23,-1.3443215,0.6832308769226074,[-2.310371]
24,-1.3443215,0.6868062019348145,[-2.310371]
25,-1.3443215,0.6842968463897705,[-2.310371]
26,-1.3443215,0.6892685890197754,[-2.310371]
27,-0.11622536,0.6883893013000488,[-0.60512125]
28,-0.11622536,0.6346828937530518,[-0.60512125]
29,-0.11622536,0.6575324535369873,[-0.60512125]
30,-0.11622536,0.7042570114135742,[-0.60512125]
31,-0.11622536,0.7347607612609863,[-0.60512125]
32,-0.11622536,0.6929218769073486,[-0.60512125]
33,-0.11622536,0.7222318649291992,[-0.60512125]
34,-0.11622536,0.6813712120056152,[-0.60512125]
35,-0.11622536,0.6708910465240479,[-0.60512125]
36,-0.11622536,0.6775679588317871,[-0.60512125]
37,-0.11622536,0.6775550842285156,[-0.60512125]
38,-0.11622536,0.7032558917999268,[-0.60512125]
39,-0.11622536,0.6259238719940186,[-0.60512125]
40,-0.11622536,0.676483154296875,[-0.60512125]
41,-0.11622536,0.6622622013092041,[-0.60512125]
42,-0.11622536,0.6931929588317871,[-0.60512125]
43,-0.11622536,0.6837708950042725,[-0.60512125]
44,-0.11622536,0.6988508701324463,[-0.60512125]
45,-0.11622536,0.6888782978057861,[-0.60512125]
46,-0.11622536,0.654346227645874,[-0.60512125]
47,-0.11622536,0.6905443668365479,[-0.60512125]
48,-0.11622536,0.6628570556640625,[-0.60512125]
49,-0.11622536,0.6672711372375488,[-0.60512125]
50,-0.11622536,0.7069954872131348,[-0.60512125]
51,-0.11622536,0.6888298988342285,[-0.60512125]
52,-0.11622536,0.6472783088684082,[-0.60512125]
53,-0.11622536,0.7058305740356445,[-0.60512125]
54,-0.11622536,0.6809091567993164,[-0.60512125]
55,-0.11622536,0.7022078037261963,[-0.60512125]
56,-0.11622536,0.6811728477478027,[-0.60512125]
57,-0.11622536,1.276759386062622,[-0.60512125]
58,-0.11622536,0.6872873306274414,[-0.60512125]
59,-0.11622536,0.7114977836608887,[-0.60512125]
60,0.021691263,0.7047271728515625,[-0.02720571]
61,0.021691263,0.6639647483825684,[-0.02720571]
62,0.021691263,0.7141711711883545,[-0.02720571]
63,0.021691263,0.7001118659973145,[-0.02720571]
64,0.021691263,0.6597139835357666,[-0.02720571]
65,0.021691263,0.6956193447113037,[-0.02720571]
66,0.021691263,0.6623497009277344,[-0.02720571]
67,0.021691263,0.6424288749694824,[-0.02720571]
68,0.33523363,0.7006649971008301,[0.33565795]
69,0.33523363,0.6710569858551025,[0.33565795]
70,0.33523363,0.6432414054870605,[0.33565795]
71,0.33523363,0.6118550300598145,[0.33565795]
72,0.33523363,0.713860273361206,[0.33565795]
73,0.33523363,0.679253101348877,[0.33565795]
74,0.33523363,0.6849901676177979,[0.33565795]
75,0.33523363,0.68430495262146,[0.33565795]
76,0.33523363,0.6567249298095703,[0.33565795]
77,0.33523363,0.7007064819335938,[0.33565795]
78,0.33523363,0.6731290817260742,[0.33565795]
79,0.33523363,0.671696662902832,[0.33565795]
80,0.33523363,0.6700751781463623,[0.33565795]
81,0.33523363,0.7041628360748291,[0.33565795]
82,0.33523363,0.6547813415527344,[0.33565795]
83,0.33523363,0.6623597145080566,[0.33565795]
84,0.33523363,0.6869666576385498,[0.33565795]
85,0.33523363,0.6818606853485107,[0.33565795]
86,0.33523363,0.6861708164215088,[0.33565795]
87,0.33523363,0.6531119346618652,[0.33565795]
88,0.33523363,0.6593368053436279,[0.33565795]
89,0.33523363,0.6873342990875244,[0.33565795]
90,0.33523363,0.6690983772277832,[0.33565795]
91,0.33523363,0.7261419296264648,[0.33565795]
92,0.33523363,0.6740524768829346,[0.33565795]
93,0.33523363,0.6805555820465088,[0.33565795]
94,0.33523363,0.665083646774292,[0.33565795]
95,0.33523363,0.672396183013916,[0.33565795]
96,0.33523363,0.7015430927276611,[0.33565795]
97,0.33523363,0.6634612083435059,[0.33565795]
98,0.33523363,0.672264575958252,[0.33565795]
99,0.33523363,0.6862521171569824,[0.33565795]
100,0.33523363,0.7417631149291992,[0.33565795]
101,0.33523363,0.7226881980895996,[0.33565795]
102,0.33523363,0.6977250576019287,[0.33565795]
103,0.33523363,0.6679074764251709,[0.33565795]
104,0.33523363,0.7075085639953613,[0.33565795]
105,0.33523363,0.6725165843963623,[0.33565795]
106,0.33523363,0.7038874626159668,[0.33565795]
107,0.33523363,0.7319557666778564,[0.33565795]
108,0.33523363,0.654212236404419,[0.33565795]
109,0.33523363,0.6553440093994141,[0.33565795]
110,0.33523363,0.6979615688323975,[0.33565795]
111,0.33523363,0.6594622135162354,[0.33565795]
112,0.33523363,0.6793670654296875,[0.33565795]
113,0.33523363,0.6647212505340576,[0.33565795]
114,0.33523363,0.6550545692443848,[0.33565795]
115,0.33523363,0.6592152118682861,[0.33565795]
116,0.33523363,0.6640059947967529,[0.33565795]
117,0.33523363,0.677079439163208,[0.33565795]
118,0.33523363,1.279252052307129,[0.33565795]
119,0.33523363,0.694284200668335,[0.33565795]
120,0.33523363,0.6885645389556885,[0.33565795]
121,0.33523363,0.6560394763946533,[0.33565795]
122,0.33523363,0.6736209392547607,[0.33565795]
123,0.33523363,0.6659767627716064,[0.33565795]
124,0.33523363,0.668696403503418,[0.33565795]
125,0.33523363,0.6609652042388916,[0.33565795]
126,0.33523363,0.6998801231384277,[0.33565795]
127,0.33523363,0.690924882888794,[0.33565795]
128,0.33523363,0.731804609298706,[0.33565795]
129,0.33523363,0.7191121578216553,[0.33565795]
130,0.33523363,0.6480288505554199,[0.33565795]
131,0.33523363,0.6816506385803223,[0.33565795]
132,0.33523363,0.7021169662475586,[0.33565795]
133,0.33523363,0.7196969985961914,[0.33565795]
134,0.33523363,0.6906797885894775,[0.33565795]
135,0.33523363,0.6715710163116455,[0.33565795]
136,0.33523363,0.6761879920959473,[0.33565795]
137,0.33523363,0.689582347869873,[0.33565795]
138,0.33523363,0.6674423217773438,[0.33565795]
139,0.33523363,0.7231960296630859,[0.33565795]
140,0.33523363,0.6684815883636475,[0.33565795]
141,0.33523363,0.6732621192932129,[0.33565795]
142,0.33523363,0.6775104999542236,[0.33565795]
143,0.33523363,0.6669256687164307,[0.33565795]
144,0.33523363,0.7165467739105225,[0.33565795]
145,0.33523363,0.6876673698425293,[0.33565795]
146,0.33523363,0.634728193283081,[0.33565795]
147,0.33523363,0.6896770000457764,[0.33565795]
148,0.33523363,0.6937227249145508,[0.33565795]
149,0.33523363,0.7097175121307373,[0.33565795]
150,0.33523363,0.710505485534668,[0.33565795]
151,0.33523363,0.7255008220672607,[0.33565795]
152,0.33523363,0.7081515789031982,[0.33565795]
153,0.33523363,0.7071330547332764,[0.33565795]
154,0.33523363,0.6916241645812988,[0.33565795]
155,0.33523363,0.7032599449157715,[0.33565795]
156,0.33523363,0.692918062210083,[0.33565795]
157,0.33523363,0.6833877563476562,[0.33565795]
158,0.33523363,0.6797289848327637,[0.33565795]
159,0.33523363,0.7047154903411865,[0.33565795]
160,0.33523363,0.6869568824768066,[0.33565795]
161,0.33523363,0.6514039039611816,[0.33565795]
162,0.33523363,0.6299824714660645,[0.33565795]
163,0.33523363,0.6826741695404053,[0.33565795]
164,0.33523363,0.6772034168243408,[0.33565795]
165,0.33523363,0.660109281539917,[0.33565795]
166,0.33523363,0.7315127849578857,[0.33565795]
167,0.33523363,0.6227648258209229,[0.33565795]
168,0.33523363,0.6960806846618652,[0.33565795]
169,0.33523363,0.656254768371582,[0.33565795]
170,0.33523363,0.673011302947998,[0.33565795]
171,0.33523363,0.6551439762115479,[0.33565795]
172,0.33523363,0.6686611175537109,[0.33565795]
173,0.33523363,0.6765522956848145,[0.33565795]
174,0.33523363,0.6603233814239502,[0.33565795]
175,0.33523363,0.6615455150604248,[0.33565795]
176,0.33523363,0.6958675384521484,[0.33565795]
177,0.33523363,0.6610021591186523,[0.33565795]
178,0.33523363,0.7022781372070312,[0.33565795]
179,0.33523363,1.2795178890228271,[0.33565795]
180,0.33523363,0.6668283939361572,[0.33565795]
181,0.33523363,0.666053295135498,[0.33565795]
182,0.33523363,0.6588649749755859,[0.33565795]
183,0.33523363,0.6670408248901367,[0.33565795]
184,0.33523363,0.6723854541778564,[0.33565795]
185,0.33523363,0.6830928325653076,[0.33565795]
186,0.33523363,0.6826095581054688,[0.33565795]
187,0.33523363,0.699296236038208,[0.33565795]
188,0.33523363,0.6643617153167725,[0.33565795]
189,0.33523363,0.6371126174926758,[0.33565795]
190,0.33523363,0.7047185897827148,[0.33565795]
191,0.33523363,0.6852591037750244,[0.33565795]
192,0.33523363,0.7020797729492188,[0.33565795]
193,0.74254686,0.7055704593658447,[0.6824158]
194,0.74254686,0.690748929977417,[0.6824158]
195,0.74254686,0.6720263957977295,[0.6824158]
196,0.74254686,0.6674370765686035,[0.6824158]
197,0.74254686,0.6824610233306885,[0.6824158]
198,0.74254686,0.6625919342041016,[0.6824158]
199,0.74254686,0.6940662860870361,[0.6824158]
200,0.74254686,0.6917209625244141,[0.6824158]
201,0.74254686,0.670011043548584,[0.6824158]
202,0.74254686,0.7124361991882324,[0.6824158]
203,0.74254686,0.6525213718414307,[0.6824158]
204,0.74254686,0.6798825263977051,[0.6824158]
205,0.74254686,0.67777419090271,[0.6824158]
206,0.74254686,0.698082447052002,[0.6824158]
207,0.74254686,0.6880807876586914,[0.6824158]
208,0.74254686,0.6693801879882812,[0.6824158]
209,0.74254686,0.6977250576019287,[0.6824158]
210,0.74254686,0.692720890045166,[0.6824158]
211,0.74254686,0.6554591655731201,[0.6824158]
212,0.74254686,0.7100095748901367,[0.6824158]
213,0.74254686,0.7116432189941406,[0.6824158]
214,0.74254686,0.6780319213867188,[0.6824158]
215,0.74254686,0.6906747817993164,[0.6824158]
216,0.74254686,0.6905035972595215,[0.6824158]
217,0.74254686,0.7208142280578613,[0.6824158]
218,0.74254686,0.7078027725219727,[0.6824158]
219,0.74254686,0.682201623916626,[0.6824158]
220,0.74254686,0.6665849685668945,[0.6824158]
221,0.74254686,0.6937391757965088,[0.6824158]
222,0.74254686,0.688817024230957,[0.6824158]
223,0.74254686,0.6668617725372314,[0.6824158]
224,0.74254686,0.7029547691345215,[0.6824158]
225,0.74254686,0.6705560684204102,[0.6824158]
226,0.74254686,0.6626274585723877,[0.6824158]
227,0.74254686,0.6576685905456543,[0.6824158]
228,0.74254686,0.6983685493469238,[0.6824158]
229,0.74254686,0.7257463932037354,[0.6824158]
230,0.74254686,1.318418025970459,[0.6824158]
231,0.74254686,0.7015104293823242,[0.6824158]
232,0.74254686,0.6872551441192627,[0.6824158]
233,0.74254686,0.7235479354858398,[0.6824158]
234,0.74254686,0.6656486988067627,[0.6824158]
235,0.74254686,0.6811985969543457,[0.6824158]
236,0.74254686,0.6978559494018555,[0.6824158]
237,0.74254686,0.6916232109069824,[0.6824158]
238,0.74254686,0.666426420211792,[0.6824158]
239,0.74254686,0.6623213291168213,[0.6824158]
240,0.74254686,0.67201828956604,[0.6824158]
241,0.74254686,0.70455002784729,[0.6824158]
242,0.74254686,0.7245070934295654,[0.6824158]
243,0.74254686,0.6787557601928711,[0.6824158]
244,0.74254686,0.7048799991607666,[0.6824158]
245,0.74254686,0.6785790920257568,[0.6824158]
246,0.74254686,0.7134749889373779,[0.6824158]
247,0.74254686,0.7201113700866699,[0.6824158]
248,0.74254686,0.6413681507110596,[0.6824158]
249,0.74254686,0.7181389331817627,[0.6824158]
250,0.74254686,0.6685912609100342,[0.6824158]
251,0.74254686,0.7038919925689697,[0.6824158]
252,0.74254686,0.663548469543457,[0.6824158]
253,0.74254686,0.6501414775848389,[0.6824158]
254,0.74254686,0.6595458984375,[0.6824158]
255,0.74254686,0.7014293670654297,[0.6824158]
256,0.74254686,0.7008366584777832,[0.6824158]
257,0.74254686,0.6911232471466064,[0.6824158]
258,0.74254686,0.6790356636047363,[0.6824158]
259,0.74254686,0.6945781707763672,[0.6824158]
260,0.74254686,0.6520328521728516,[0.6824158]
261,0.74254686,0.6670541763305664,[0.6824158]
262,0.74254686,0.6937611103057861,[0.6824158]
263,0.74254686,0.6866343021392822,[0.6824158]
264,0.74254686,0.6803343296051025,[0.6824158]
265,0.74254686,0.6834325790405273,[0.6824158]
266,0.74254686,0.6976969242095947,[0.6824158]
267,0.74254686,0.7203476428985596,[0.6824158]
268,0.74254686,0.6450188159942627,[0.6824158]
269,0.74254686,0.6638767719268799,[0.6824158]
270,0.74254686,0.6592161655426025,[0.6824158]
271,0.74254686,0.638251781463623,[0.6824158]
272,0.74254686,0.6571319103240967,[0.6824158]
273,0.74254686,0.7029819488525391,[0.6824158]
274,0.74254686,0.6586039066314697,[0.6824158]
275,0.74254686,0.6609067916870117,[0.6824158]
276,0.74254686,0.7254607677459717,[0.6824158]
277,0.74254686,0.7197120189666748,[0.6824158]
278,0.74254686,0.669097900390625,[0.6824158]
279,0.74254686,0.7137303352355957,[0.6824158]
280,0.74254686,0.7102036476135254,[0.6824158]
281,0.74254686,0.6769828796386719,[0.6824158]
282,0.74254686,0.6871612071990967,[0.6824158]
283,0.74254686,0.6561248302459717,[0.6824158]
284,0.74254686,0.6657907962799072,[0.6824158]
285,0.74254686,0.6591262817382812,[0.6824158]
286,0.74254686,0.7219119071960449,[0.6824158]
287,0.74254686,0.7092673778533936,[0.6824158]
288,0.74254686,0.686387300491333,[0.6824158]
289,0.74254686,0.6511204242706299,[0.6824158]
290,0.74254686,0.7115821838378906,[0.6824158]
291,0.74254686,0.6760337352752686,[0.6824158]
292,0.74254686,1.33966064453125,[0.6824158]
293,0.74254686,0.6921112537384033,[0.6824158]
294,0.74254686,0.6742575168609619,[0.6824158]
295,0.74254686,0.6764092445373535,[0.6824158]
296,0.74254686,0.6799883842468262,[0.6824158]
297,0.74254686,0.6781871318817139,[0.6824158]
298,0.74254686,0.6568257808685303,[0.6824158]
299,0.74254686,0.7300448417663574,[0.6824158]
300,0.74254686,0.6819484233856201,[0.6824158]
301,0.74254686,0.727616548538208,[0.6824158]
302,0.74254686,0.6711337566375732,[0.6824158]
303,0.74254686,0.6735162734985352,[0.6824158]
304,0.74254686,0.7636504173278809,[0.6824158]
305,0.74254686,0.7247347831726074,[0.6824158]
306,0.74254686,0.7117648124694824,[0.6824158]
307,0.74254686,0.7173614501953125,[0.6824158]
308,0.74254686,0.670734167098999,[0.6824158]
309,0.74254686,0.6763894557952881,[0.6824158]
310,0.74254686,0.6658015251159668,[0.6824158]
311,0.74254686,0.6849708557128906,[0.6824158]
312,0.74254686,0.6961474418640137,[0.6824158]
313,0.74254686,0.6920440196990967,[0.6824158]
314,0.74254686,0.7155749797821045,[0.6824158]
315,0.74254686,0.6908023357391357,[0.6824158]
316,0.74254686,0.6612162590026855,[0.6824158]
317,0.74254686,0.6805939674377441,[0.6824158]
318,0.74254686,0.6867532730102539,[0.6824158]
319,0.74254686,0.6757752895355225,[0.6824158]
320,0.74254686,0.7055337429046631,[0.6824158]
321,0.74254686,0.6832685470581055,[0.6824158]
322,0.74254686,0.737018346786499,[0.6824158]
323,0.74254686,0.6569607257843018,[0.6824158]
324,0.74254686,0.6826426982879639,[0.6824158]
325,0.74254686,0.7405612468719482,[0.6824158]
326,0.74254686,0.6563296318054199,[0.6824158]
327,0.74254686,0.6671257019042969,[0.6824158]
328,0.74254686,0.718562126159668,[0.6824158]
329,0.74254686,0.653733491897583,[0.6824158]
330,0.74254686,0.6738870143890381,[0.6824158]
331,0.74254686,0.6702606678009033,[0.6824158]
332,0.74254686,0.710252046585083,[0.6824158]
333,0.74254686,0.6692905426025391,[0.6824158]
334,0.74254686,0.6792447566986084,[0.6824158]
335,0.74254686,0.7054624557495117,[0.6824158]
336,0.74254686,0.7437400817871094,[0.6824158]
337,0.74254686,0.6916594505310059,[0.6824158]
338,0.74254686,0.7181658744812012,[0.6824158]
339,0.74254686,0.7240607738494873,[0.6824158]
340,0.74254686,0.6721148490905762,[0.6824158]
341,0.74254686,0.7210102081298828,[0.6824158]
342,0.74254686,0.7047038078308105,[0.6824158]
343,0.74254686,0.7002334594726562,[0.6824158]
344,0.74254686,0.6978433132171631,[0.6824158]
345,0.74254686,0.6951441764831543,[0.6824158]
346,0.74254686,0.6843397617340088,[0.6824158]
347,0.74254686,0.7012784481048584,[0.6824158]
348,0.74254686,0.7330212593078613,[0.6824158]
349,0.74254686,0.6564295291900635,[0.6824158]
350,0.74254686,0.6723637580871582,[0.6824158]
351,0.74254686,0.7270586490631104,[0.6824158]
352,0.74254686,0.6855928897857666,[0.6824158]
353,0.74254686,1.3016295433044434,[0.6824158]
354,0.74254686,0.6903963088989258,[0.6824158]
355,0.74254686,0.6901521682739258,[0.6824158]
356,0.74254686,0.6749579906463623,[0.6824158]
357,0.74254686,0.6699142456054688,[0.6824158]
358,0.74254686,0.6645901203155518,[0.6824158]
359,0.74254686,0.714651346206665,[0.6824158]
360,0.74254686,0.6549782752990723,[0.6824158]
361,0.74254686,0.663583517074585,[0.6824158]
362,0.74254686,0.6903645992279053,[0.6824158]
363,0.74254686,0.7460765838623047,[0.6824158]
364,0.74254686,0.731992244720459,[0.6824158]
365,0.74254686,0.688460111618042,[0.6824158]
366,0.74254686,0.6831116676330566,[0.6824158]
367,0.74254686,0.6847281455993652,[0.6824158]
368,0.74254686,0.658905029296875,[0.6824158]
369,0.74254686,0.6898019313812256,[0.6824158]
370,0.74254686,0.6765637397766113,[0.6824158]
371,0.74254686,0.707514762878418,[0.6824158]
372,0.74254686,0.6691524982452393,[0.6824158]
373,0.74254686,0.6821742057800293,[0.6824158]
374,0.74254686,0.7265784740447998,[0.6824158]
375,0.74254686,0.6813104152679443,[0.6824158]
376,0.74254686,0.6713788509368896,[0.6824158]
377,0.74254686,0.6947753429412842,[0.6824158]
378,0.74254686,0.6720097064971924,[0.6824158]
379,0.74254686,0.6950602531433105,[0.6824158]
380,0.74254686,0.6742281913757324,[0.6824158]
381,0.74254686,0.6957828998565674,[0.6824158]
382,0.74254686,0.694368839263916,[0.6824158]
383,0.74254686,0.6738834381103516,[0.6824158]
384,0.74254686,0.674241304397583,[0.6824158]
385,0.74254686,0.6788933277130127,[0.6824158]
386,0.74254686,0.6739399433135986,[0.6824158]
387,0.74254686,0.666165828704834,[0.6824158]
388,0.74254686,0.7104249000549316,[0.6824158]
389,0.74254686,0.6757147312164307,[0.6824158]
390,0.74254686,0.6821300983428955,[0.6824158]
391,0.74254686,0.6839959621429443,[0.6824158]
392,0.74254686,0.662233829498291,[0.6824158]
393,0.74254686,0.6546831130981445,[0.6824158]
394,0.74254686,0.6506702899932861,[0.6824158]
395,0.74254686,0.6543986797332764,[0.6824158]
396,0.74254686,0.7014007568359375,[0.6824158]
397,0.74254686,0.7236549854278564,[0.6824158]
398,0.74254686,0.6958932876586914,[0.6824158]
399,0.74254686,0.6993222236633301,[0.6824158]
400,0.74254686,0.6649150848388672,[0.6824158]
401,0.74254686,0.6934831142425537,[0.6824158]
402,0.74254686,0.6934671401977539,[0.6824158]
403,0.74254686,0.6558418273925781,[0.6824158]
404,0.74254686,0.6805760860443115,[0.6824158]
405,0.74254686,0.6644866466522217,[0.6824158]
406,0.74254686,0.6840276718139648,[0.6824158]
407,0.74254686,0.6802253723144531,[0.6824158]
408,0.74254686,0.683598518371582,[0.6824158]
409,0.74254686,0.6348628997802734,[0.6824158]
410,0.74254686,0.6955609321594238,[0.6824158]
411,0.74254686,0.6810638904571533,[0.6824158]
412,0.74254686,0.7022573947906494,[0.6824158]
413,0.74254686,0.6973292827606201,[0.6824158]
414,0.74254686,1.3262062072753906,[0.6824158]
415,0.74254686,0.6650388240814209,[0.6824158]
416,0.74254686,0.6894664764404297,[0.6824158]
417,0.74254686,0.715923547744751,[0.6824158]
418,0.74254686,0.6948912143707275,[0.6824158]
419,0.74254686,0.7347826957702637,[0.6824158]
420,0.74254686,0.6773946285247803,[0.6824158]
421,0.74254686,0.6950464248657227,[0.6824158]
422,0.74254686,0.6399044990539551,[0.6824158]
423,0.74254686,0.6626195907592773,[0.6824158]
424,0.74254686,0.6223797798156738,[0.6824158]
425,0.74254686,0.6589574813842773,[0.6824158]
426,0.74254686,0.6880507469177246,[0.6824158]
427,0.74254686,0.6766352653503418,[0.6824158]
428,0.74254686,0.7085995674133301,[0.6824158]
429,0.74254686,0.6912980079650879,[0.6824158]
430,0.74254686,0.6960349082946777,[0.6824158]
431,0.74254686,0.654022216796875,[0.6824158]
432,0.74254686,0.6647951602935791,[0.6824158]
433,0.74254686,0.7018718719482422,[0.6824158]
434,0.74254686,0.7018096446990967,[0.6824158]
435,0.74254686,0.704862117767334,[0.6824158]
436,0.74254686,0.7262527942657471,[0.6824158]
437,0.74254686,0.6605567932128906,[0.6824158]
438,0.74254686,0.6906857490539551,[0.6824158]
439,0.74254686,0.7226710319519043,[0.6824158]
440,0.74254686,0.6600320339202881,[0.6824158]
441,0.74254686,0.7030713558197021,[0.6824158]
442,0.74254686,0.7031357288360596,[0.6824158]
443,0.74254686,0.7084462642669678,[0.6824158]
444,0.74254686,0.6682863235473633,[0.6824158]
445,0.74254686,0.6498675346374512,[0.6824158]
446,0.74254686,0.6582460403442383,[0.6824158]
447,0.74254686,0.7214956283569336,[0.6824158]
448,0.74254686,0.6974422931671143,[0.6824158]
449,0.74254686,0.6719765663146973,[0.6824158]
450,0.74254686,0.6586012840270996,[0.6824158]
451,0.74254686,0.6465709209442139,[0.6824158]
452,0.74254686,0.6351926326751709,[0.6824158]
453,0.74254686,0.7036628723144531,[0.6824158]
454,0.74254686,0.7056450843811035,[0.6824158]
455,0.74254686,0.681795597076416,[0.6824158]
456,0.74254686,0.6991219520568848,[0.6824158]
457,0.74254686,0.754535436630249,[0.6824158]
458,0.74254686,0.7488012313842773,[0.6824158]
459,0.74254686,0.6535215377807617,[0.6824158]
460,0.74254686,0.7048485279083252,[0.6824158]
461,0.74254686,0.7043282985687256,[0.6824158]
462,0.74254686,0.6569032669067383,[0.6824158]
463,0.74254686,0.6485443115234375,[0.6824158]
464,0.74254686,0.6626181602478027,[0.6824158]
465,0.74254686,1.274723768234253,[0.6824158]
466,0.74254686,0.6486520767211914,[0.6824158]
467,0.74254686,0.6574862003326416,[0.6824158]
468,0.74254686,0.7101094722747803,[0.6824158]
469,0.74254686,0.7095305919647217,[0.6824158]
470,0.74254686,0.6640236377716064,[0.6824158]
471,0.74254686,0.686018705368042,[0.6824158]
472,0.74254686,0.7112088203430176,[0.6824158]
473,0.74254686,0.7032482624053955,[0.6824158]
474,0.74254686,0.7294187545776367,[0.6824158]
475,0.74254686,0.7030594348907471,[0.6824158]
476,0.74254686,0.6857221126556396,[0.6824158]
477,0.74254686,0.7245240211486816,[0.6824158]
478,0.74254686,0.7050657272338867,[0.6824158]
479,0.74254686,0.668731689453125,[0.6824158]
480,0.74254686,0.6751797199249268,[0.6824158]
481,0.74254686,0.6772055625915527,[0.6824158]
482,0.74254686,0.6580443382263184,[0.6824158]
483,0.74254686,0.6968841552734375,[0.6824158]
484,0.74254686,0.7113251686096191,[0.6824158]
485,0.74254686,0.6681408882141113,[0.6824158]
486,0.74254686,0.6804611682891846,[0.6824158]
487,0.74254686,0.6984755992889404,[0.6824158]
488,0.74254686,0.6860101222991943,[0.6824158]
489,0.74254686,0.7272579669952393,[0.6824158]
490,0.74254686,0.6952266693115234,[0.6824158]
491,0.74254686,0.6822962760925293,[0.6824158]
492,0.74254686,0.6623156070709229,[0.6824158]
493,0.74254686,0.6535251140594482,[0.6824158]
494,0.74254686,0.6903035640716553,[0.6824158]
495,0.74254686,0.6944189071655273,[0.6824158]
496,0.74254686,0.7085897922515869,[0.6824158]
497,0.74254686,0.6757946014404297,[0.6824158]
498,0.74254686,0.6743776798248291,[0.6824158]
499,0.74254686,0.7389006614685059,[0.6824158]
500,0.74254686,0.6940622329711914,[0.6824158]
501,0.74254686,0.6571307182312012,[0.6824158]
502,0.74254686,0.6851620674133301,[0.6824158]
503,0.74254686,0.7268126010894775,[0.6824158]
504,0.74254686,0.670391321182251,[0.6824158]
505,0.74254686,0.6650280952453613,[0.6824158]
506,0.74254686,0.7077667713165283,[0.6824158]
507,0.74254686,0.6629395484924316,[0.6824158]
508,0.74254686,0.6875207424163818,[0.6824158]
509,0.74254686,0.6720702648162842,[0.6824158]
510,0.74254686,0.6789162158966064,[0.6824158]
511,0.74254686,0.7333323955535889,[0.6824158]
512,0.74254686,0.6911423206329346,[0.6824158]
513,0.74254686,0.7245545387268066,[0.6824158]
514,0.74254686,0.7060403823852539,[0.6824158]
515,0.74254686,0.703890323638916,[0.6824158]
516,0.74254686,0.6893436908721924,[0.6824158]
517,0.74254686,0.6916821002960205,[0.6824158]
518,0.74292386,0.6676084995269775,[0.6817176]
519,0.74292386,0.672396183013916,[0.6817176]
520,0.74292386,0.6605238914489746,[0.6817176]
521,0.74292386,0.6734662055969238,[0.6817176]
522,0.74292386,0.6970579624176025,[0.6817176]
523,0.74292386,0.7177691459655762,[0.6817176]
524,0.74292386,0.6860697269439697,[0.6817176]
525,0.74292386,0.7121834754943848,[0.6817176]
526,0.75559825,0.6979804039001465,[0.62757766]
527,0.75559825,1.3031198978424072,[0.62757766]
528,0.75559825,0.6345469951629639,[0.62757766]
529,0.75559825,0.6911635398864746,[0.62757766]
530,0.75559825,0.6724851131439209,[0.62757766]
531,0.75559825,0.6839594841003418,[0.62757766]
532,0.75559825,0.664881706237793,[0.62757766]
533,0.75559825,0.6809415817260742,[0.62757766]
534,0.75559825,0.6756696701049805,[0.62757766]
535,0.75559825,0.6864733695983887,[0.62757766]
536,0.75559825,0.6804146766662598,[0.62757766]
537,0.75559825,0.6986982822418213,[0.62757766]
538,0.75559825,0.7132949829101562,[0.62757766]
539,0.75559825,0.7493607997894287,[0.62757766]
540,0.75559825,0.682532787322998,[0.62757766]
541,0.75559825,0.7441754341125488,[0.62757766]
542,0.75559825,0.6872215270996094,[0.62757766]
543,0.75559825,0.7050566673278809,[0.62757766]
544,0.75559825,0.7150776386260986,[0.62757766]
545,0.75559825,0.6987335681915283,[0.62757766]
546,0.75559825,0.6669788360595703,[0.62757766]
547,0.75559825,0.7148823738098145,[0.62757766]
548,0.75559825,0.6789126396179199,[0.62757766]
549,0.75559825,0.6842434406280518,[0.62757766]
550,0.75559825,0.719287633895874,[0.62757766]
551,0.75559825,0.6803884506225586,[0.62757766]
552,0.75559825,0.6815893650054932,[0.62757766]
553,0.75559825,0.6623082160949707,[0.62757766]
554,0.75559825,0.6972005367279053,[0.62757766]
555,0.75559825,0.6908068656921387,[0.62757766]
556,0.75559825,0.7230305671691895,[0.62757766]
557,0.75559825,0.6929416656494141,[0.62757766]
558,0.75559825,0.6999163627624512,[0.62757766]
559,0.75559825,0.6772787570953369,[0.62757766]
560,0.75559825,0.7000935077667236,[0.62757766]
561,0.75559825,0.6808669567108154,[0.62757766]
562,0.75559825,0.6624960899353027,[0.62757766]
563,0.75559825,0.684502124786377,[0.62757766]
564,0.75559825,0.704653263092041,[0.62757766]
565,0.75559825,0.7004961967468262,[0.62757766]
566,0.75559825,0.7106633186340332,[0.62757766]
567,0.75559825,0.7106962203979492,[0.62757766]
568,0.75559825,0.6813719272613525,[0.62757766]
569,0.75559825,0.7001841068267822,[0.62757766]
570,0.75559825,0.6782219409942627,[0.62757766]
571,0.75559825,0.6623356342315674,[0.62757766]
572,0.75559825,0.6908562183380127,[0.62757766]
573,0.75559825,0.7034566402435303,[0.62757766]
574,0.75559825,0.6859738826751709,[0.62757766]
575,0.75559825,0.6832668781280518,[0.62757766]
576,0.75559825,0.71087646484375,[0.62757766]
577,0.75559825,0.6834702491760254,[0.62757766]
578,0.75559825,0.6572997570037842,[0.62757766]
579,0.75559825,0.6903820037841797,[0.62757766]
580,0.75559825,0.6965422630310059,[0.62757766]
581,0.75559825,0.6925344467163086,[0.62757766]
582,0.75559825,0.705242395401001,[0.62757766]
583,0.75559825,0.7491955757141113,[0.62757766]
584,0.75559825,0.710900068283081,[0.62757766]
585,0.75559825,0.6877479553222656,[0.62757766]
586,0.75559825,0.7158012390136719,[0.62757766]
587,0.75559825,0.6874167919158936,[0.62757766]
588,0.75559825,1.3854823112487793,[0.62757766]
589,0.75559825,0.6916139125823975,[0.62757766]
590,0.75559825,0.694166898727417,[0.62757766]
591,0.75559825,0.7420830726623535,[0.62757766]
592,0.75559825,0.6886687278747559,[0.62757766]
593,0.75559825,0.6975400447845459,[0.62757766]
594,0.75559825,0.7012374401092529,[0.62757766]
595,0.75559825,0.7220697402954102,[0.62757766]
596,0.75559825,0.6796138286590576,[0.62757766]
597,0.75559825,0.670567512512207,[0.62757766]
598,0.75559825,0.714975118637085,[0.62757766]
599,0.75559825,0.726609468460083,[0.62757766]
600,0.75559825,0.6746265888214111,[0.62757766]
601,0.75559825,0.6894855499267578,[0.62757766]
602,0.75559825,0.7106258869171143,[0.62757766]
603,0.75559825,0.6841261386871338,[0.62757766]
604,0.75559825,0.7543814182281494,[0.62757766]
605,0.75559825,0.681635856628418,[0.62757766]
606,0.75559825,0.6815831661224365,[0.62757766]
607,0.75559825,0.684014081954956,[0.62757766]
608,0.75559825,0.6820082664489746,[0.62757766]
609,0.75559825,0.7183701992034912,[0.62757766]
610,0.75559825,0.7194938659667969,[0.62757766]
611,0.75559825,0.719071626663208,[0.62757766]
612,0.75559825,0.7015728950500488,[0.62757766]
613,0.75559825,0.685492992401123,[0.62757766]
614,0.75559825,0.7120182514190674,[0.62757766]
615,0.75559825,0.722247838973999,[0.62757766]
616,0.75559825,0.7204713821411133,[0.62757766]
617,0.75559825,0.6842398643493652,[0.62757766]
618,0.75559825,0.6795938014984131,[0.62757766]
619,0.75559825,0.69950270652771,[0.62757766]
620,0.75559825,0.6891419887542725,[0.62757766]
621,0.75559825,0.732149600982666,[0.62757766]
622,0.75559825,0.6947264671325684,[0.62757766]
623,0.75559825,0.7173178195953369,[0.62757766]
624,0.75559825,0.6913900375366211,[0.62757766]
625,0.75559825,0.6681668758392334,[0.62757766]
626,0.75559825,0.7027029991149902,[0.62757766]
627,0.75559825,0.6834111213684082,[0.62757766]
628,0.75559825,0.7055950164794922,[0.62757766]
629,0.75559825,0.6942768096923828,[0.62757766]
630,0.75559825,0.7425682544708252,[0.62757766]
631,0.75559825,0.668734073638916,[0.62757766]
632,0.75559825,0.7406141757965088,[0.62757766]
633,0.75559825,0.7017107009887695,[0.62757766]
634,0.75559825,0.6663503646850586,[0.62757766]
635,0.75559825,0.7035346031188965,[0.62757766]
636,0.75559825,0.6884255409240723,[0.62757766]
637,0.75559825,0.7161054611206055,[0.62757766]
638,0.75559825,0.6932694911956787,[0.62757766]
639,0.75559825,0.6524584293365479,[0.62757766]
640,0.75559825,0.705338716506958,[0.62757766]
641,0.75559825,0.6841731071472168,[0.62757766]
642,0.75559825,0.6784436702728271,[0.62757766]
643,0.75559825,0.7047641277313232,[0.62757766]
644,0.75559825,0.7169208526611328,[0.62757766]
645,0.75559825,0.7218265533447266,[0.62757766]
646,0.75559825,0.7181792259216309,[0.62757766]
647,0.75559825,0.7211358547210693,[0.62757766]
648,0.75559825,0.666132926940918,[0.62757766]
649,0.75559825,1.3493690490722656,[0.62757766]
650,0.75559825,0.6759648323059082,[0.62757766]
651,0.75559825,0.7267205715179443,[0.62757766]
652,0.75559825,0.6896383762359619,[0.62757766]
653,0.75559825,0.7014048099517822,[0.62757766]
654,0.75559825,0.7056567668914795,[0.62757766]
655,0.75559825,0.7025883197784424,[0.62757766]
656,0.75559825,0.7006452083587646,[0.62757766]
657,0.75559825,0.6924359798431396,[0.62757766]
658,0.75559825,0.6848483085632324,[0.62757766]
659,0.75559825,0.7466714382171631,[0.62757766]
660,0.75559825,0.6991369724273682,[0.62757766]
661,0.75559825,0.6735615730285645,[0.62757766]
662,0.75559825,0.6827142238616943,[0.62757766]
663,0.75559825,0.6705417633056641,[0.62757766]
664,0.75559825,0.7119443416595459,[0.62757766]
665,0.75559825,0.6934001445770264,[0.62757766]
666,0.75559825,0.7060346603393555,[0.62757766]
667,0.75559825,0.7503452301025391,[0.62757766]
668,0.75559825,0.6902532577514648,[0.62757766]
669,0.75559825,0.7020854949951172,[0.62757766]
670,0.75559825,0.7071168422698975,[0.62757766]
671,0.75559825,0.71598219871521,[0.62757766]
672,0.75559825,0.6619057655334473,[0.62757766]
673,0.75559825,0.7070496082305908,[0.62757766]
674,0.75559825,0.6899411678314209,[0.62757766]
675,0.75559825,0.6763885021209717,[0.62757766]
676,0.75559825,0.7121500968933105,[0.62757766]
677,0.75559825,0.6723968982696533,[0.62757766]
678,0.75559825,0.6870856285095215,[0.62757766]
679,0.75559825,0.6778724193572998,[0.62757766]
680,0.75559825,0.698850154876709,[0.62757766]
681,0.75559825,0.6903679370880127,[0.62757766]
682,0.75559825,0.7174980640411377,[0.62757766]
683,0.75559825,0.7007615566253662,[0.62757766]
684,0.75559825,0.6863143444061279,[0.62757766]
685,0.75559825,0.7094619274139404,[0.62757766]
686,0.75559825,0.6907100677490234,[0.62757766]
687,0.75559825,0.7175850868225098,[0.62757766]
688,0.75559825,0.6877524852752686,[0.62757766]
689,0.75559825,0.6928315162658691,[0.62757766]
690,0.75559825,0.7395305633544922,[0.62757766]
691,0.75559825,0.671804666519165,[0.62757766]
692,0.75559825,0.6837284564971924,[0.62757766]
693,0.75559825,0.743607759475708,[0.62757766]
694,0.75559825,0.7117898464202881,[0.62757766]
695,0.75559825,0.7362534999847412,[0.62757766]
696,0.75559825,0.7216775417327881,[0.62757766]
697,0.75559825,0.70320725440979,[0.62757766]
698,0.75559825,0.6562366485595703,[0.62757766]
699,0.75559825,0.7077052593231201,[0.62757766]
700,0.75559825,1.3463106155395508,[0.62757766]
701,0.75559825,0.7188715934753418,[0.62757766]
702,0.75559825,0.6990704536437988,[0.62757766]
703,0.75559825,0.6964545249938965,[0.62757766]
704,0.75559825,0.6564865112304688,[0.62757766]
705,0.75559825,0.6953229904174805,[0.62757766]
706,0.75559825,0.7078766822814941,[0.62757766]
707,0.75559825,0.7110819816589355,[0.62757766]
708,0.75559825,0.7039744853973389,[0.62757766]
709,0.75559825,0.6878087520599365,[0.62757766]
710,0.75559825,0.7061159610748291,[0.62757766]
711,0.75559825,0.6514725685119629,[0.62757766]
712,0.75559825,0.6891415119171143,[0.62757766]
713,0.75559825,0.6989586353302002,[0.62757766]
714,0.75559825,0.6880125999450684,[0.62757766]
715,0.75559825,0.7277259826660156,[0.62757766]
716,0.75559825,0.7173376083374023,[0.62757766]
717,0.75559825,0.6545233726501465,[0.62757766]
718,0.75559825,0.68746018409729,[0.62757766]
719,0.75559825,0.7094566822052002,[0.62757766]
720,0.75559825,0.7007095813751221,[0.62757766]
721,0.75559825,0.6717069149017334,[0.62757766]
722,0.75559825,0.7055096626281738,[0.62757766]
723,0.75559825,0.7240378856658936,[0.62757766]
724,0.75559825,0.706376314163208,[0.62757766]
725,0.75559825,0.7412509918212891,[0.62757766]
726,0.75559825,0.7060246467590332,[0.62757766]
727,0.75559825,0.6566717624664307,[0.62757766]
728,0.75559825,0.7003769874572754,[0.62757766]
729,0.75559825,0.6841161251068115,[0.62757766]
730,0.75559825,0.7192578315734863,[0.62757766]
731,0.75559825,0.7142250537872314,[0.62757766]
732,0.75559825,0.6657657623291016,[0.62757766]
733,0.75559825,0.723017692565918,[0.62757766]
734,0.75559825,0.7056789398193359,[0.62757766]
735,0.75559825,0.6794984340667725,[0.62757766]
736,0.75559825,0.6547582149505615,[0.62757766]
737,0.75559825,0.6813509464263916,[0.62757766]
738,0.75559825,0.6965832710266113,[0.62757766]
739,0.75559825,0.7100005149841309,[0.62757766]
740,0.75559825,0.7024598121643066,[0.62757766]
741,0.75559825,0.700021505355835,[0.62757766]
742,0.75559825,0.7059824466705322,[0.62757766]
743,0.75559825,0.686098575592041,[0.62757766]
744,0.75559825,0.7033793926239014,[0.62757766]
745,0.75559825,0.7032585144042969,[0.62757766]
746,0.75559825,0.6798238754272461,[0.62757766]
747,0.75559825,0.6920464038848877,[0.62757766]
748,0.75559825,0.7303645610809326,[0.62757766]
749,0.75559825,0.7048234939575195,[0.62757766]
750,0.75559825,0.6827573776245117,[0.62757766]
751,0.75559825,0.7037928104400635,[0.62757766]
752,0.75559825,0.6853303909301758,[0.62757766]
753,0.75559825,0.7181174755096436,[0.62757766]
754,0.75559825,0.6737501621246338,[0.62757766]
755,0.75559825,0.6960959434509277,[0.62757766]
756,0.75559825,0.7096364498138428,[0.62757766]
757,0.75559825,0.700690746307373,[0.62757766]
758,0.75559825,0.6634738445281982,[0.62757766]
759,0.75559825,0.7080199718475342,[0.62757766]
760,0.75559825,0.6686336994171143,[0.62757766]
761,0.75559825,0.7027528285980225,[0.62757766]
762,0.75559825,1.4123566150665283,[0.62757766]
763,0.75559825,0.6635823249816895,[0.62757766]
764,0.75559825,0.7158312797546387,[0.62757766]
765,0.75559825,0.7004389762878418,[0.62757766]
766,0.75559825,0.7312843799591064,[0.62757766]
767,0.75559825,0.678372859954834,[0.62757766]
768,0.75559825,0.6697807312011719,[0.62757766]
769,0.75559825,0.7071943283081055,[0.62757766]
770,0.75559825,0.7243101596832275,[0.62757766]
771,0.75559825,0.6922094821929932,[0.62757766]
772,0.75559825,0.6865737438201904,[0.62757766]
773,0.75559825,0.6966812610626221,[0.62757766]
774,0.75559825,0.6803154945373535,[0.62757766]
775,0.75559825,0.7028698921203613,[0.62757766]
776,0.75559825,0.6822361946105957,[0.62757766]
777,0.75559825,0.679962158203125,[0.62757766]
778,0.75559825,0.6954824924468994,[0.62757766]
779,0.75559825,0.7281088829040527,[0.62757766]
780,0.75559825,0.7552769184112549,[0.62757766]
781,0.75559825,0.6565909385681152,[0.62757766]
782,0.75559825,0.739854097366333,[0.62757766]
783,0.75559825,0.6635093688964844,[0.62757766]
784,0.75559825,0.7306962013244629,[0.62757766]
785,0.75559825,0.7056903839111328,[0.62757766]
786,0.75559825,0.7018129825592041,[0.62757766]
787,0.75559825,0.7214570045471191,[0.62757766]
788,0.75559825,0.6898477077484131,[0.62757766]
789,0.75559825,0.69986891746521,[0.62757766]
790,0.75559825,0.6865572929382324,[0.62757766]
791,0.75559825,0.6735250949859619,[0.62757766]
792,0.75559825,0.680372953414917,[0.62757766]
793,0.75559825,0.7003273963928223,[0.62757766]
794,0.75559825,0.6508433818817139,[0.62757766]
795,0.75559825,0.7151000499725342,[0.62757766]
796,0.75559825,0.6614799499511719,[0.62757766]
797,0.75559825,0.6873362064361572,[0.62757766]
798,0.75559825,0.7014904022216797,[0.62757766]
799,0.75559825,0.7227268218994141,[0.62757766]
800,0.75559825,0.6969726085662842,[0.62757766]
801,0.75559825,0.654977560043335,[0.62757766]
802,0.75559825,0.6591269969940186,[0.62757766]
803,0.75559825,0.69757080078125,[0.62757766]
804,0.75559825,0.6897275447845459,[0.62757766]
805,0.75559825,0.7018234729766846,[0.62757766]
806,0.75559825,0.7381532192230225,[0.62757766]
807,0.75559825,0.6940097808837891,[0.62757766]
808,0.75559825,0.6845283508300781,[0.62757766]
809,0.75559825,0.6730315685272217,[0.62757766]
810,0.75559825,0.6973443031311035,[0.62757766]
811,0.75559825,0.6980071067810059,[0.62757766]
812,0.75559825,0.718693733215332,[0.62757766]
813,0.75559825,0.6978969573974609,[0.62757766]
814,0.75559825,0.7036151885986328,[0.62757766]
815,0.75559825,0.6963691711425781,[0.62757766]
816,0.75559825,0.7056357860565186,[0.62757766]
817,0.75559825,0.6807570457458496,[0.62757766]
818,0.75559825,0.665947437286377,[0.62757766]
819,0.75559825,0.6874217987060547,[0.62757766]
820,0.75559825,0.6906397342681885,[0.62757766]
821,0.75559825,0.704538106918335,[0.62757766]
822,0.75559825,0.7096145153045654,[0.62757766]
823,0.75559825,1.4020607471466064,[0.62757766]
824,0.75559825,0.6620869636535645,[0.62757766]
825,0.75559825,0.6971924304962158,[0.62757766]
826,0.75559825,0.7222530841827393,[0.62757766]
827,0.75559825,0.6976215839385986,[0.62757766]
828,0.75559825,0.699793815612793,[0.62757766]
829,0.75559825,0.7332725524902344,[0.62757766]
830,0.75559825,0.7057974338531494,[0.62757766]
831,0.75559825,0.711878776550293,[0.62757766]
832,0.75559825,0.6917686462402344,[0.62757766]
833,0.75559825,0.6340122222900391,[0.62757766]
834,0.75559825,0.7056198120117188,[0.62757766]
835,0.75559825,0.6836035251617432,[0.62757766]
836,0.75559825,0.7609333992004395,[0.62757766]
837,0.75559825,0.693023681640625,[0.62757766]
838,0.75559825,0.6952383518218994,[0.62757766]
839,0.75559825,0.7137660980224609,[0.62757766]
840,0.75559825,0.7144999504089355,[0.62757766]
841,0.75559825,0.7060356140136719,[0.62757766]
842,0.75559825,0.7287399768829346,[0.62757766]
843,0.75559825,0.6762535572052002,[0.62757766]
844,0.75559825,0.6980233192443848,[0.62757766]
845,0.75559825,0.7102596759796143,[0.62757766]
846,0.75559825,0.6643197536468506,[0.62757766]
847,0.75559825,0.7361860275268555,[0.62757766]
848,0.75559825,0.6977944374084473,[0.62757766]
849,0.75572145,0.668480634689331,[0.61114514]
850,0.75572145,0.6942355632781982,[0.61114514]
851,0.75572145,0.6956675052642822,[0.61114514]
852,0.75572145,0.673814058303833,[0.61114514]
853,0.75572145,0.6757838726043701,[0.61114514]
854,0.75598675,0.681617021560669,[0.65047747]
855,0.75598675,0.704669713973999,[0.65047747]
856,0.75598675,0.6864101886749268,[0.65047747]
857,0.75598675,0.7297289371490479,[0.65047747]
858,0.75598675,0.7296633720397949,[0.65047747]
859,0.75598675,0.6723484992980957,[0.65047747]
860,0.75824124,0.7187087535858154,[0.6007898]
861,0.75824124,0.7524979114532471,[0.6007898]
862,0.75824124,0.745642900466919,[0.6007898]
863,0.75824124,0.6873338222503662,[0.6007898]
864,0.75824124,0.7400994300842285,[0.6007898]
865,0.75824124,0.7351937294006348,[0.6007898]
866,0.75824124,0.6940186023712158,[0.6007898]
867,0.75824124,0.6892721652984619,[0.6007898]
868,0.75824124,0.6883676052093506,[0.6007898]
869,0.79966265,0.735018253326416,[0.7360175]
870,0.79966265,0.6845839023590088,[0.7360175]
871,0.79966265,0.6812193393707275,[0.7360175]
872,0.79966265,0.6851367950439453,[0.7360175]
873,0.79966265,0.7069909572601318,[0.7360175]
874,0.79966265,0.706932544708252,[0.7360175]
875,0.79966265,0.7075600624084473,[0.7360175]
876,0.8064193,0.710118293762207,[0.7549089]
877,0.8775884,0.7177243232727051,[0.8785285]
878,0.88118225,0.6805124282836914,[0.8675394]
879,0.88118225,0.6933982372283936,[0.8675394]
880,0.88118225,0.680525541305542,[0.8675394]
881,0.88118225,0.6571571826934814,[0.8675394]
882,0.88118225,0.7015137672424316,[0.8675394]
883,0.88118225,0.7083408832550049,[0.8675394]
884,0.88118225,1.392582654953003,[0.8675394]
885,0.88118225,0.7151410579681396,[0.8675394]
886,0.88118225,0.7057147026062012,[0.8675394]
887,0.88118225,0.6352815628051758,[0.8675394]
888,0.88118225,0.6555285453796387,[0.8675394]
889,0.88118225,0.6702408790588379,[0.8675394]
890,0.88118225,0.6654431819915771,[0.8675394]
891,0.88118225,0.6747894287109375,[0.8675394]
892,0.88118225,0.7407846450805664,[0.8675394]
893,0.88118225,0.689319372177124,[0.8675394]
894,0.88118225,0.71527099609375,[0.8675394]
895,0.88118225,0.7061116695404053,[0.8675394]
896,0.88118225,0.665337324142456,[0.8675394]
897,0.88118225,0.7146017551422119,[0.8675394]
898,0.88118225,0.70196533203125,[0.8675394]
899,0.88118225,0.6584997177124023,[0.8675394]
900,0.88118225,0.7044057846069336,[0.8675394]
901,0.88118225,0.673335075378418,[0.8675394]
902,0.88118225,0.7104413509368896,[0.8675394]
903,0.88118225,0.7052359580993652,[0.8675394]
904,0.88118225,0.7129611968994141,[0.8675394]
905,0.88118225,0.7013711929321289,[0.8675394]
906,0.88118225,0.6891522407531738,[0.8675394]
907,0.88118225,0.6707041263580322,[0.8675394]
908,0.88118225,0.6883025169372559,[0.8675394]
909,0.88118225,0.7188901901245117,[0.8675394]
910,0.88118225,0.6816751956939697,[0.8675394]
911,0.88118225,0.688840389251709,[0.8675394]
912,0.88118225,0.6516499519348145,[0.8675394]
913,0.88118225,0.7201099395751953,[0.8675394]
914,0.88118225,0.7292881011962891,[0.8675394]
915,0.88118225,0.7241203784942627,[0.8675394]
916,0.88118225,0.7177035808563232,[0.8675394]
917,0.88118225,0.7139506340026855,[0.8675394]
918,0.88118225,0.7054049968719482,[0.8675394]
919,0.88118225,0.7225923538208008,[0.8675394]
920,0.88118225,0.6929502487182617,[0.8675394]
921,0.88904154,0.6686863899230957,[0.8780918]
922,0.88904154,0.6608428955078125,[0.8780918]
923,0.88904154,0.7353858947753906,[0.8780918]
924,0.88904154,0.684283971786499,[0.8780918]
925,0.88904154,0.7384903430938721,[0.8780918]
926,0.88904154,0.7166242599487305,[0.8780918]
927,0.88904154,0.733264684677124,[0.8780918]
928,0.88904154,0.7057614326477051,[0.8780918]
929,0.88904154,0.6922097206115723,[0.8780918]
930,0.88904154,0.7142548561096191,[0.8780918]
931,0.88904154,0.6818327903747559,[0.8780918]
932,0.88904154,0.7217447757720947,[0.8780918]
933,0.88904154,0.7263767719268799,[0.8780918]
934,0.88904154,0.7176096439361572,[0.8780918]
935,0.88904154,1.4175152778625488,[0.8780918]
936,0.88904154,0.7197504043579102,[0.8780918]
937,0.88904154,0.7380466461181641,[0.8780918]
938,0.88904154,0.6712596416473389,[0.8780918]
939,0.88904154,0.7036349773406982,[0.8780918]
940,0.88904154,0.6849920749664307,[0.8780918]
941,0.88904154,0.7518227100372314,[0.8780918]
942,0.88904154,0.6881594657897949,[0.8780918]
943,0.88904154,0.6680240631103516,[0.8780918]
944,0.88904154,0.6803240776062012,[0.8780918]
945,0.88904154,0.7296586036682129,[0.8780918]
946,0.88904154,0.7222452163696289,[0.8780918]
947,0.88904154,0.70135498046875,[0.8780918]
948,0.88904154,0.7552793025970459,[0.8780918]
949,0.88904154,0.700939416885376,[0.8780918]
950,0.88904154,0.735015869140625,[0.8780918]
951,0.88904154,0.7091741561889648,[0.8780918]
952,0.88904154,0.775707483291626,[0.8780918]
953,0.88904154,0.6857523918151855,[0.8780918]
954,0.88904154,0.7247462272644043,[0.8780918]
955,0.88904154,0.6812648773193359,[0.8780918]
956,0.88904154,0.7102193832397461,[0.8780918]
957,0.88904154,0.6872084140777588,[0.8780918]
958,0.88904154,0.6982622146606445,[0.8780918]
959,0.88904154,0.6969377994537354,[0.8780918]
960,0.88904154,0.7126188278198242,[0.8780918]
961,0.88904154,0.7173027992248535,[0.8780918]
962,0.88904154,0.7262775897979736,[0.8780918]
963,0.88904154,0.6955728530883789,[0.8780918]
964,0.88904154,0.65950608253479,[0.8780918]
965,0.88904154,0.6782152652740479,[0.8780918]
966,0.88904154,0.6977570056915283,[0.8780918]
967,0.88904154,0.6720736026763916,[0.8780918]
968,0.88904154,0.7255029678344727,[0.8780918]
969,0.88904154,0.6903374195098877,[0.8780918]
970,0.88904154,0.7235691547393799,[0.8780918]
971,0.88904154,0.6814999580383301,[0.8780918]
972,0.88904154,0.7197771072387695,[0.8780918]
973,0.88904154,0.694612979888916,[0.8780918]
974,0.88904154,0.6864805221557617,[0.8780918]
975,0.88904154,0.7117984294891357,[0.8780918]
976,0.88904154,0.7047135829925537,[0.8780918]
977,0.88904154,0.704397439956665,[0.8780918]
978,0.88904154,0.680351734161377,[0.8780918]
979,0.88904154,0.7035202980041504,[0.8780918]
980,0.88904154,0.6878476142883301,[0.8780918]
981,0.88904154,0.6780879497528076,[0.8780918]
982,0.88904154,0.7156524658203125,[0.8780918]
983,0.88904154,0.7275638580322266,[0.8780918]
984,0.88904154,0.7105419635772705,[0.8780918]
985,0.88904154,0.7114784717559814,[0.8780918]
986,0.88904154,0.7175908088684082,[0.8780918]
987,0.88904154,0.6773495674133301,[0.8780918]
988,0.88904154,0.6708166599273682,[0.8780918]
989,0.88904154,0.6920852661132812,[0.8780918]
990,0.88904154,0.7149927616119385,[0.8780918]
991,0.88904154,0.6892986297607422,[0.8780918]
992,0.88904154,0.720048189163208,[0.8780918]
993,0.88904154,0.700927734375,[0.8780918]
994,0.88904154,0.7105345726013184,[0.8780918]
995,0.88904154,0.7335960865020752,[0.8780918]
996,0.8891292,0.70479416847229,[0.87748116]
997,0.8891292,1.4423530101776123,[0.87748116]
998,0.8891292,0.6948695182800293,[0.87748116]
999,0.8891292,0.7024047374725342,[0.87748116]
1000,0.8891292,0.7279753684997559,[0.87748116]
1001,0.8891292,0.700814962387085,[0.87748116]
1002,0.8891292,0.6741278171539307,[0.87748116]
1003,0.8891955,0.7130520343780518,[0.8777788]
1004,0.8891955,0.7064828872680664,[0.8777788]
1005,0.88968384,0.6931502819061279,[0.8772013]
1006,0.88968384,0.679948091506958,[0.8772013]
1007,0.88968384,0.6946694850921631,[0.8772013]
1008,0.88968384,0.7155990600585938,[0.8772013]
1009,0.88968384,0.6802661418914795,[0.8772013]
1010,0.88968384,0.6800704002380371,[0.8772013]
1011,0.8898363,0.7273733615875244,[0.8766811]
1012,0.8898363,0.6962506771087646,[0.8766811]
1013,0.8898363,0.7117397785186768,[0.8766811]
1014,0.8898363,0.7015531063079834,[0.8766811]
1015,0.8898363,0.6719717979431152,[0.8766811]
1016,0.8898363,0.7155592441558838,[0.8766811]
1017,0.8898363,0.694547176361084,[0.8766811]
1018,0.8898363,0.7042691707611084,[0.8766811]
1019,0.8898363,0.7048866748809814,[0.8766811]
1020,0.8898363,0.6660540103912354,[0.8766811]
1021,0.8898363,0.6786355972290039,[0.8766811]
1022,0.8898363,0.7436659336090088,[0.8766811]
1023,0.8898363,0.6611199378967285,[0.8766811]
1024,0.8898363,0.7241928577423096,[0.8766811]
1025,0.8898363,0.6982336044311523,[0.8766811]
1026,0.8898363,0.7264549732208252,[0.8766811]
1027,0.8898363,0.7189352512359619,[0.8766811]
1028,0.8898363,0.6999480724334717,[0.8766811]
1029,0.88984007,0.7174596786499023,[0.8768344]
1030,0.88984007,0.6912822723388672,[0.8768344]
1031,0.88984007,0.7368021011352539,[0.8768344]
1032,0.88984007,0.6900858879089355,[0.8768344]
1033,0.88984007,0.7084882259368896,[0.8768344]
1034,0.88984007,0.7042303085327148,[0.8768344]
1035,0.88984007,0.7168891429901123,[0.8768344]
1036,0.88984007,0.7453045845031738,[0.8768344]
1037,0.88984007,0.7016191482543945,[0.8768344]
1038,0.88984007,0.7338416576385498,[0.8768344]
1039,0.88984007,0.675786018371582,[0.8768344]
1040,0.88984007,0.7224256992340088,[0.8768344]
1041,0.88984007,0.7214016914367676,[0.8768344]
1042,0.88984007,0.7120327949523926,[0.8768344]
1043,0.88984007,0.7001316547393799,[0.8768344]
1044,0.88984007,0.7219827175140381,[0.8768344]
1045,0.88984007,0.6994011402130127,[0.8768344]
1046,0.88984007,0.6912276744842529,[0.8768344]
1047,0.88984007,0.6733510494232178,[0.8768344]
1048,0.88984007,0.7284915447235107,[0.8768344]
1049,0.88984007,0.7208704948425293,[0.8768344]
1050,0.88984007,0.7174985408782959,[0.8768344]
1051,0.88984007,0.7060472965240479,[0.8768344]
1052,0.88984007,0.7007527351379395,[0.8768344]
1053,0.88984007,0.6972062587738037,[0.8768344]
1054,0.88984007,0.6427931785583496,[0.8768344]
1055,0.88984007,0.6842544078826904,[0.8768344]
1056,0.8945836,0.6735613346099854,[0.88527477]
1057,0.8945836,0.6928644180297852,[0.88527477]
1058,0.8945836,1.4147164821624756,[0.88527477]
1059,0.8945836,0.686762809753418,[0.88527477]
1060,0.8945836,0.6855208873748779,[0.88527477]
1061,0.8945836,0.7033822536468506,[0.88527477]
1062,0.8945836,0.7515347003936768,[0.88527477]
1063,0.9023184,0.715294361114502,[0.885827]
1064,0.9023184,0.7139303684234619,[0.885827]
1065,0.9023184,0.7020094394683838,[0.885827]
1066,0.9023184,0.6952550411224365,[0.885827]
1067,0.9023184,0.713517427444458,[0.885827]
1068,0.9023184,0.6892580986022949,[0.885827]
1069,0.9023184,0.6652166843414307,[0.885827]
1070,0.9023184,0.6911525726318359,[0.885827]
1071,0.90253115,0.7096962928771973,[0.88703734]
1072,0.90253115,0.6987380981445312,[0.88703734]
1073,0.90982306,0.6917006969451904,[0.8894203]
1074,0.90982306,0.7206645011901855,[0.8894203]
1075,0.90982306,0.691295862197876,[0.8894203]
1076,0.90982306,0.6941449642181396,[0.8894203]
1077,0.90982306,0.6976418495178223,[0.8894203]
1078,0.90982306,0.7046678066253662,[0.8894203]
1079,0.90982306,0.679955005645752,[0.8894203]
1080,0.90982306,0.7433347702026367,[0.8894203]
1081,0.90982306,0.7275683879852295,[0.8894203]
1082,0.90982306,0.7245495319366455,[0.8894203]
1083,0.90982306,0.7113451957702637,[0.8894203]
1084,0.90982306,0.7244009971618652,[0.8894203]
1085,0.90982306,0.6985495090484619,[0.8894203]
1086,0.90982306,0.6740078926086426,[0.8894203]
1087,0.90982306,0.681788444519043,[0.8894203]
1088,0.90982306,0.701061487197876,[0.8894203]
1089,0.90982306,0.682105302810669,[0.8894203]
1090,0.90982306,0.6942934989929199,[0.8894203]
1091,0.90982306,0.7524490356445312,[0.8894203]
1092,0.90982306,0.6828274726867676,[0.8894203]
1093,0.90982306,0.7131197452545166,[0.8894203]
1094,0.90982306,0.726285457611084,[0.8894203]
1095,0.90982306,0.7257840633392334,[0.8894203]
1096,0.90982306,0.6955811977386475,[0.8894203]
1097,0.90982306,0.7109429836273193,[0.8894203]
1098,0.90982306,0.7074704170227051,[0.8894203]
1099,0.90982306,0.7030777931213379,[0.8894203]
1100,0.90982306,0.6999056339263916,[0.8894203]
1101,0.90982306,0.7494659423828125,[0.8894203]
1102,0.90982306,0.7088134288787842,[0.8894203]
1103,0.90982306,0.6863648891448975,[0.8894203]
1104,0.90982306,0.6768050193786621,[0.8894203]
1105,0.90982306,0.6893696784973145,[0.8894203]
1106,0.90982306,0.677281379699707,[0.8894203]
1107,0.90982306,0.6942427158355713,[0.8894203]
1108,0.90982306,0.692657470703125,[0.8894203]
1109,0.90982306,0.6933753490447998,[0.8894203]
1110,0.90982306,0.7565131187438965,[0.8894203]
1111,0.90982306,0.6862137317657471,[0.8894203]
1112,0.90982306,0.7338309288024902,[0.8894203]
1113,0.90982306,0.7082240581512451,[0.8894203]
1114,0.90982306,0.6757028102874756,[0.8894203]
1115,0.90982306,0.672888994216919,[0.8894203]
1116,0.90982306,0.7019956111907959,[0.8894203]
1117,0.90982306,0.6673903465270996,[0.8894203]
1118,0.90982306,0.6905832290649414,[0.8894203]
1119,0.90982306,1.4018638134002686,[0.8894203]
1120,0.90982306,0.7090611457824707,[0.8894203]
1121,0.90982306,0.704833984375,[0.8894203]
1122,0.90982306,0.7529549598693848,[0.8894203]
1123,0.90982306,0.7032053470611572,[0.8894203]
1124,0.90982306,0.7278125286102295,[0.8894203]
1125,0.90982306,0.7232816219329834,[0.8894203]
1126,0.90982306,0.6983537673950195,[0.8894203]
1127,0.90982306,0.6691298484802246,[0.8894203]
1128,0.90982306,0.7008175849914551,[0.8894203]
1129,0.90982306,0.7350399494171143,[0.8894203]
1130,0.90982306,0.6916623115539551,[0.8894203]
1131,0.90982306,0.6983797550201416,[0.8894203]
1132,0.90982306,0.6517999172210693,[0.8894203]
1133,0.90982306,0.7290492057800293,[0.8894203]
1134,0.90982306,0.7047579288482666,[0.8894203]
1135,0.90982306,0.717843770980835,[0.8894203]
1136,0.90982306,0.7135865688323975,[0.8894203]
1137,0.90982306,0.7260777950286865,[0.8894203]
1138,0.90982306,0.7098429203033447,[0.8894203]
1139,0.90982306,0.7233438491821289,[0.8894203]
1140,0.90982306,0.7437989711761475,[0.8894203]
1141,0.90982306,0.7183938026428223,[0.8894203]
1142,0.90982306,0.7102530002593994,[0.8894203]
1143,0.90982306,0.7090909481048584,[0.8894203]
1144,0.90982306,0.6859819889068604,[0.8894203]
1145,0.90982306,0.7494332790374756,[0.8894203]
1146,0.90982306,0.7170853614807129,[0.8894203]
1147,0.90982306,0.7362039089202881,[0.8894203]
1148,0.90982306,0.6849169731140137,[0.8894203]
1149,0.90982306,0.692598819732666,[0.8894203]
1150,0.90982306,0.697519063949585,[0.8894203]
1151,0.90982306,0.7042074203491211,[0.8894203]
1152,0.90982306,0.667975902557373,[0.8894203]
1153,0.90982306,0.7208738327026367,[0.8894203]
1154,0.90982306,0.6741588115692139,[0.8894203]
1155,0.90982306,0.6912078857421875,[0.8894203]
1156,0.90982306,0.6758115291595459,[0.8894203]
1157,0.90982306,0.7008907794952393,[0.8894203]
1158,0.90982306,0.6926605701446533,[0.8894203]
1159,0.90982306,0.6859829425811768,[0.8894203]
1160,0.90982306,0.6472353935241699,[0.8894203]
1161,0.90982306,0.7342252731323242,[0.8894203]
1162,0.90982306,0.6955955028533936,[0.8894203]
1163,0.90982306,0.7157988548278809,[0.8894203]
1164,0.90982306,0.7062258720397949,[0.8894203]
1165,0.90982306,0.7119135856628418,[0.8894203]
1166,0.90982306,0.7142434120178223,[0.8894203]
1167,0.90982306,0.699002742767334,[0.8894203]
1168,0.90982306,0.7236435413360596,[0.8894203]
1169,0.90982306,0.7230346202850342,[0.8894203]
1170,0.90982306,1.4729878902435303,[0.8894203]
1171,0.90982306,0.7061471939086914,[0.8894203]
1172,0.90982306,0.7237107753753662,[0.8894203]
1173,0.90982306,0.7154428958892822,[0.8894203]
1174,0.90982306,0.656264066696167,[0.8894203]
1175,0.90982306,0.7216534614562988,[0.8894203]
1176,0.910705,0.7337627410888672,[0.8816155]
1177,0.91187036,0.7111184597015381,[0.9008088]
1178,0.91187036,0.7119765281677246,[0.9008088]
1179,0.91187036,0.7275815010070801,[0.9008088]
1180,0.91187036,0.6830704212188721,[0.9008088]
1181,0.9187261,0.6734621524810791,[0.91205513]
1182,0.9187261,0.7243404388427734,[0.91205513]
1183,0.9187261,0.7091572284698486,[0.91205513]
1184,0.9187261,0.6884586811065674,[0.91205513]
1185,0.9187261,0.7008025646209717,[0.91205513]
1186,0.9187261,0.7159547805786133,[0.91205513]
1187,0.9187261,0.7049553394317627,[0.91205513]
1188,0.9187261,0.7073447704315186,[0.91205513]
1189,0.92038417,0.6795125007629395,[0.91504145]
1190,0.96288735,0.6765928268432617,[0.72349113]
1191,0.96288735,0.7003700733184814,[0.72349113]
1192,0.96290004,0.6638016700744629,[0.72251993]
1193,0.96290004,0.6995255947113037,[0.72251993]
1194,0.96290004,0.7199904918670654,[0.72251993]
1195,0.96290004,0.6618039608001709,[0.72251993]
1196,0.96290004,0.6753580570220947,[0.72251993]
1197,0.96290004,0.7177183628082275,[0.72251993]
1198,0.96290004,0.7062714099884033,[0.72251993]
1199,0.96426666,0.6668848991394043,[0.75607383]
1200,0.96426666,0.6874728202819824,[0.75607383]
1201,0.96426666,0.7098546028137207,[0.75607383]
1202,0.96426666,0.7006931304931641,[0.75607383]
1203,0.96426666,0.7107470035552979,[0.75607383]
1204,0.96426666,0.707470178604126,[0.75607383]
1205,0.97439075,0.7413780689239502,[0.79622495]
1206,0.97439075,0.6755011081695557,[0.79622495]
1207,0.97439075,0.6742866039276123,[0.79622495]
1208,0.97439075,0.7014036178588867,[0.79622495]
1209,0.97439075,0.6970045566558838,[0.79622495]
1210,0.97439075,0.6893784999847412,[0.79622495]
1211,0.97456616,0.7148439884185791,[0.8156696]
1212,0.97456616,0.6849510669708252,[0.8156696]
1213,0.9757052,0.6821763515472412,[0.82776463]
1214,0.9757052,0.6818952560424805,[0.82776463]
1215,0.9757052,0.707909107208252,[0.82776463]
1216,0.9757052,0.6984572410583496,[0.82776463]
1217,0.9757052,0.7096836566925049,[0.82776463]
1218,0.9757052,0.6576924324035645,[0.82776463]
1219,0.9757052,0.6965351104736328,[0.82776463]
1220,0.9757052,0.7000744342803955,[0.82776463]
1221,0.9757052,0.6980111598968506,[0.82776463]
1222,0.9757052,0.7398791313171387,[0.82776463]
1223,0.9757052,0.6640980243682861,[0.82776463]
1224,0.9757052,0.6683621406555176,[0.82776463]
1225,0.9757052,0.71614670753479,[0.82776463]
1226,0.9757052,0.6753799915313721,[0.82776463]
1227,0.9757052,0.6646976470947266,[0.82776463]
1228,0.9757052,0.728656530380249,[0.82776463]
1229,0.9757052,0.7019438743591309,[0.82776463]
1230,0.9757052,0.692833662033081,[0.82776463]
1231,0.9757052,0.6616168022155762,[0.82776463]
1232,0.9757052,1.3918821811676025,[0.82776463]
1233,0.9757052,0.6702194213867188,[0.82776463]
1234,0.9757052,0.7167584896087646,[0.82776463]
1235,0.9757052,0.6821467876434326,[0.82776463]
1236,0.9757052,0.6935031414031982,[0.82776463]
1237,0.9757052,0.7078688144683838,[0.82776463]
1238,0.9757052,0.7074592113494873,[0.82776463]
1239,0.9757052,0.7191693782806396,[0.82776463]
1240,0.9757052,0.6755416393280029,[0.82776463]
1241,0.9757052,0.6713299751281738,[0.82776463]
1242,0.9757052,0.6995933055877686,[0.82776463]
1243,0.9757052,0.7124941349029541,[0.82776463]
1244,0.9757052,0.6908793449401855,[0.82776463]
1245,0.9757052,0.6855721473693848,[0.82776463]
1246,0.9757052,0.7004380226135254,[0.82776463]
1247,0.9757052,0.7279794216156006,[0.82776463]
1248,0.9757052,0.6745338439941406,[0.82776463]
1249,0.9757052,0.6838572025299072,[0.82776463]
1250,0.9757052,0.6900098323822021,[0.82776463]
1251,0.9757052,0.7133736610412598,[0.82776463]
1252,0.9757052,0.6975290775299072,[0.82776463]
1253,0.9757052,0.6805770397186279,[0.82776463]
1254,0.9757052,0.6945650577545166,[0.82776463]
1255,0.9757052,0.7205698490142822,[0.82776463]
1256,0.9757052,0.7121915817260742,[0.82776463]
1257,0.9757052,0.6752495765686035,[0.82776463]
1258,0.9757052,0.7375752925872803,[0.82776463]
1259,0.9757052,0.68111252784729,[0.82776463]
1260,0.9757052,0.6902694702148438,[0.82776463]
1261,0.9757052,0.6673212051391602,[0.82776463]
1262,0.9757052,0.6827986240386963,[0.82776463]
1263,0.9757052,0.6772172451019287,[0.82776463]
1264,0.9757052,0.6865205764770508,[0.82776463]
1265,0.9757052,0.6667885780334473,[0.82776463]
1266,0.9757052,0.7304041385650635,[0.82776463]
1267,0.9757052,0.6828150749206543,[0.82776463]
1268,0.9757052,0.6879286766052246,[0.82776463]
1269,0.9757052,0.6633217334747314,[0.82776463]
1270,0.9757052,0.6659979820251465,[0.82776463]
1271,0.9757052,0.7038915157318115,[0.82776463]
1272,0.9757052,0.7009360790252686,[0.82776463]
1273,0.9757052,0.717949628829956,[0.82776463]
1274,0.9757052,0.6693191528320312,[0.82776463]
1275,0.9757052,0.6673800945281982,[0.82776463]
1276,0.9757052,0.702507495880127,[0.82776463]
1277,0.9757052,0.6608037948608398,[0.82776463]
1278,0.9757052,0.6935572624206543,[0.82776463]
1279,0.9757052,0.701305627822876,[0.82776463]
1280,0.9757052,0.6754586696624756,[0.82776463]
1281,0.9757052,0.6956145763397217,[0.82776463]
1282,0.9757052,0.7088136672973633,[0.82776463]
1283,0.9757052,0.6979920864105225,[0.82776463]
1284,0.9757052,0.7013511657714844,[0.82776463]
1285,0.97598827,0.6824467182159424,[0.76745695]
1286,0.97598827,0.7042152881622314,[0.76745695]
1287,0.97598827,0.6710569858551025,[0.76745695]
1288,0.97598827,0.6887984275817871,[0.76745695]
1289,0.97598827,0.696491003036499,[0.76745695]
1290,0.97598827,0.7496421337127686,[0.76745695]
1291,0.97598827,0.681612491607666,[0.76745695]
1292,0.97598827,0.6910924911499023,[0.76745695]
1293,0.97598827,1.4507317543029785,[0.76745695]
1294,0.97598827,0.6960017681121826,[0.76745695]
1295,0.97598827,0.7114346027374268,[0.76745695]
1296,0.97598827,0.6838436126708984,[0.76745695]
1297,0.97598827,0.686497688293457,[0.76745695]
1298,0.97598827,0.6941671371459961,[0.76745695]
1299,0.97598827,0.6940360069274902,[0.76745695]
1300,0.97598827,0.7057139873504639,[0.76745695]
1301,0.97598827,0.7459053993225098,[0.76745695]
1302,0.97598827,0.7200016975402832,[0.76745695]
1303,0.97598827,0.709763765335083,[0.76745695]
1304,0.97598827,0.6844825744628906,[0.76745695]
1305,0.97598827,0.6931381225585938,[0.76745695]
1306,0.97598827,0.7108683586120605,[0.76745695]
1307,0.97598827,0.657191276550293,[0.76745695]
1308,0.97598827,0.7004694938659668,[0.76745695]
1309,0.97598827,0.7136194705963135,[0.76745695]
1310,0.97598827,0.7059507369995117,[0.76745695]
1311,0.97598827,0.6921169757843018,[0.76745695]
1312,0.97598827,0.69417405128479,[0.76745695]
1313,0.97598827,0.736163854598999,[0.76745695]
1314,0.97598827,0.7311923503875732,[0.76745695]
1315,0.97598827,0.6915745735168457,[0.76745695]
1316,0.97598827,0.6883399486541748,[0.76745695]
1317,0.97598827,0.7410628795623779,[0.76745695]
1318,0.97598827,0.6573669910430908,[0.76745695]
1319,0.97598827,0.7099437713623047,[0.76745695]
1320,0.97598827,0.6916589736938477,[0.76745695]
1321,0.97598827,0.6849653720855713,[0.76745695]
1322,0.97598827,0.7559971809387207,[0.76745695]
1323,0.97598827,0.687159538269043,[0.76745695]
1324,0.9760977,0.7226028442382812,[0.8445486]
1325,0.9760977,0.7024152278900146,[0.8445486]
1326,0.9760977,0.6958343982696533,[0.8445486]
1327,0.9760977,0.7160611152648926,[0.8445486]
1328,0.9760977,0.7146077156066895,[0.8445486]
1329,0.9760977,0.6598029136657715,[0.8445486]
1330,0.9760977,0.7508068084716797,[0.8445486]
1331,0.9760977,0.6867525577545166,[0.8445486]
1332,0.9760977,0.6920535564422607,[0.8445486]
1333,0.9760977,0.6441662311553955,[0.8445486]
1334,0.9760977,0.673393964767456,[0.8445486]
1335,0.97621334,0.6811745166778564,[0.854658]
1336,0.97621334,0.6398427486419678,[0.854658]
1337,0.97621334,0.7430665493011475,[0.854658]
1338,0.97621334,0.7398157119750977,[0.854658]
1339,0.97621334,0.7098925113677979,[0.854658]
1340,0.97621334,0.6588931083679199,[0.854658]
1341,0.97621334,0.7086856365203857,[0.854658]
1342,0.9766737,0.7007327079772949,[0.84161377]
1343,0.9766737,0.6770195960998535,[0.84161377]
1344,0.9766737,0.6796462535858154,[0.84161377]
1345,0.9766737,0.7107768058776855,[0.84161377]
1346,0.9766737,0.6680560111999512,[0.84161377]
1347,0.9766737,0.6834566593170166,[0.84161377]
1348,0.9766737,0.6872413158416748,[0.84161377]
1349,0.9766737,0.7030143737792969,[0.84161377]
1350,0.9766737,0.7052936553955078,[0.84161377]
1351,0.9766737,0.6863648891448975,[0.84161377]
1352,0.9766737,0.6565687656402588,[0.84161377]
1353,0.9766737,0.6961798667907715,[0.84161377]
1354,0.9766737,1.330744743347168,[0.84161377]
1355,0.9766737,0.6768186092376709,[0.84161377]
1356,0.9766737,0.7312262058258057,[0.84161377]
1357,0.9766737,0.682044267654419,[0.84161377]
1358,0.9766737,0.7283203601837158,[0.84161377]
1359,0.9766737,0.7321338653564453,[0.84161377]
1360,0.9766737,0.7200860977172852,[0.84161377]
1361,0.9766737,0.7007796764373779,[0.84161377]
1362,0.9766737,0.7309236526489258,[0.84161377]
1363,0.9766737,0.6498136520385742,[0.84161377]
1364,0.9766737,0.6854758262634277,[0.84161377]
1365,0.9766737,0.6980609893798828,[0.84161377]
1366,0.9766737,0.7014930248260498,[0.84161377]
1367,0.9766737,0.6877336502075195,[0.84161377]
1368,0.9766737,0.6996698379516602,[0.84161377]
1369,0.9766737,0.7352454662322998,[0.84161377]
1370,0.9766737,0.7142560482025146,[0.84161377]
1371,0.9766737,0.7090327739715576,[0.84161377]
1372,0.9766737,0.6695787906646729,[0.84161377]
1373,0.9766737,0.700702428817749,[0.84161377]
1374,0.9766737,0.7052102088928223,[0.84161377]
1375,0.9766737,0.7124180793762207,[0.84161377]
1376,0.9766737,0.7393035888671875,[0.84161377]
1377,0.9766737,0.670762300491333,[0.84161377]
1378,0.9766737,0.7335734367370605,[0.84161377]
1379,0.9766737,0.7299728393554688,[0.84161377]
1380,0.9766737,0.7074534893035889,[0.84161377]
1381,0.9766737,0.671318531036377,[0.84161377]
1382,0.9766737,0.7178986072540283,[0.84161377]
1383,0.9766737,0.6893072128295898,[0.84161377]
1384,0.9766737,0.6777341365814209,[0.84161377]
1385,0.9766737,0.6818652153015137,[0.84161377]
1386,0.9766737,0.6498446464538574,[0.84161377]
1387,0.9766737,0.7110764980316162,[0.84161377]
1388,0.9766737,0.6725823879241943,[0.84161377]
1389,0.9766737,0.7273273468017578,[0.84161377]
1390,0.9766737,0.6894207000732422,[0.84161377]
1391,0.9788872,0.6757125854492188,[0.8335476]
1392,0.9789097,0.6825940608978271,[0.8447989]
1393,0.9789097,0.7131946086883545,[0.8447989]
1394,0.9789097,0.6921241283416748,[0.8447989]
1395,0.9789097,0.6787877082824707,[0.8447989]
1396,0.9789097,0.6728579998016357,[0.8447989]
1397,0.9789097,0.6760382652282715,[0.8447989]
1398,0.9789097,0.6921534538269043,[0.8447989]
1399,0.9789097,0.6670622825622559,[0.8447989]
1400,0.9789097,0.6897222995758057,[0.8447989]
1401,0.9789097,0.7093148231506348,[0.8447989]
1402,0.9789097,0.7087318897247314,[0.8447989]
1403,0.9789097,0.7093985080718994,[0.8447989]
1404,0.9789097,0.6748955249786377,[0.8447989]
1405,0.9789097,1.3789420127868652,[0.8447989]
1406,0.9789298,0.7467091083526611,[0.8499321]
1407,0.9789298,0.7080593109130859,[0.8499321]
1408,0.9789298,0.6648910045623779,[0.8499321]
1409,0.9789298,0.7230191230773926,[0.8499321]
1410,0.9789298,0.6765153408050537,[0.8499321]
1411,0.9789783,0.7001674175262451,[0.84750223]
1412,0.9789783,0.6792068481445312,[0.84750223]
1413,0.9789783,0.6957247257232666,[0.84750223]
1414,0.9789783,0.6873104572296143,[0.84750223]
1415,0.9789783,0.6953532695770264,[0.84750223]
1416,0.9789783,0.6932744979858398,[0.84750223]
1417,0.9789783,0.7114508152008057,[0.84750223]
1418,0.9789783,0.6813657283782959,[0.84750223]
1419,0.9789783,0.7167580127716064,[0.84750223]
1420,0.9789783,0.6724963188171387,[0.84750223]
1421,0.9792964,0.7010312080383301,[0.8215028]
1422,0.9792964,0.6444764137268066,[0.8215028]
1423,0.9792964,0.7035472393035889,[0.8215028]
1424,0.9792964,0.6888406276702881,[0.8215028]
1425,0.9792964,0.6892259120941162,[0.8215028]
1426,0.9792964,0.7003889083862305,[0.8215028]
1427,0.9792964,0.6865367889404297,[0.8215028]
1428,0.9792964,0.6999664306640625,[0.8215028]
1429,0.9792964,0.7020847797393799,[0.8215028]
1430,0.9792964,0.6589195728302002,[0.8215028]
1431,0.9792964,0.7234344482421875,[0.8215028]
1432,0.98016334,0.6905715465545654,[0.8597262]
1433,0.98016334,0.7038822174072266,[0.8597262]
1434,0.98016334,0.695936918258667,[0.8597262]
1435,0.98016334,0.720430850982666,[0.8597262]
1436,0.98016334,0.7224664688110352,[0.8597262]
1437,0.98016334,0.7046792507171631,[0.8597262]
1438,0.98016334,0.6717813014984131,[0.8597262]
1439,0.98016334,0.7228641510009766,[0.8597262]
1440,0.98016334,0.7201204299926758,[0.8597262]
1441,0.98016334,0.7109489440917969,[0.8597262]
1442,0.98016334,0.6832458972930908,[0.8597262]
1443,0.98016334,0.6715126037597656,[0.8597262]
1444,0.98016334,0.715263843536377,[0.8597262]
1445,0.98016334,0.6958003044128418,[0.8597262]
1446,0.98016334,0.7204349040985107,[0.8597262]
1447,0.98016334,0.7191095352172852,[0.8597262]
1448,0.98016334,0.7558000087738037,[0.8597262]
1449,0.98016334,0.6987504959106445,[0.8597262]
1450,0.98016334,0.6869182586669922,[0.8597262]
1451,0.98016334,0.7079250812530518,[0.8597262]
1452,0.98016334,0.638343095779419,[0.8597262]
1453,0.98016334,0.6795330047607422,[0.8597262]
1454,0.98016334,0.6737656593322754,[0.8597262]
1455,0.98016334,0.6622505187988281,[0.8597262]
1456,0.98016334,0.6801471710205078,[0.8597262]
1457,0.98016334,0.6962409019470215,[0.8597262]
1458,0.98016334,0.6851603984832764,[0.8597262]
1459,0.98016334,0.684776782989502,[0.8597262]
1460,0.98016334,0.6529815196990967,[0.8597262]
1461,0.98016334,0.7198245525360107,[0.8597262]
1462,0.98016334,0.6738739013671875,[0.8597262]
1463,0.98016334,0.7004151344299316,[0.8597262]
1464,0.9804527,0.695310115814209,[0.8489616]
1465,0.9804527,0.675227165222168,[0.8489616]
1466,0.9804527,0.7370343208312988,[0.8489616]
1467,0.98145115,1.4162266254425049,[0.83569807]
1468,0.98145115,0.6905879974365234,[0.83569807]
1469,0.9816671,0.6831769943237305,[0.8475905]
1470,0.9816671,0.6762075424194336,[0.8475905]
1471,0.9816671,0.7062516212463379,[0.8475905]
1472,0.9816671,0.6965701580047607,[0.8475905]
1473,0.9816671,0.6935617923736572,[0.8475905]
1474,0.9816671,0.7280752658843994,[0.8475905]
1475,0.9816671,0.694657564163208,[0.8475905]
1476,0.9816671,0.71455979347229,[0.8475905]
1477,0.9816671,0.6880826950073242,[0.8475905]
1478,0.9816671,0.6730120182037354,[0.8475905]
1479,0.9816671,0.710090160369873,[0.8475905]
1480,0.9816671,0.6672260761260986,[0.8475905]
1481,0.9816671,0.6943104267120361,[0.8475905]
1482,0.9816671,0.7217519283294678,[0.8475905]
1483,0.9816671,0.6958258152008057,[0.8475905]
1484,0.9816671,0.6848249435424805,[0.8475905]
1485,0.9816671,0.7176249027252197,[0.8475905]
1486,0.9816671,0.6814053058624268,[0.8475905]
1487,0.9816671,0.704930305480957,[0.8475905]
1488,0.9816671,0.702296257019043,[0.8475905]
1489,0.9816671,0.7179186344146729,[0.8475905]
1490,0.9816671,0.6618757247924805,[0.8475905]
1491,0.9816671,0.6931757926940918,[0.8475905]
1492,0.9816671,0.6945645809173584,[0.8475905]
1493,0.9816671,0.7179579734802246,[0.8475905]
1494,0.9816671,0.6980061531066895,[0.8475905]
1495,0.9816671,0.7441871166229248,[0.8475905]
1496,0.9816671,0.7123372554779053,[0.8475905]
1497,0.9816671,0.6881651878356934,[0.8475905]
1498,0.9816671,0.6692330837249756,[0.8475905]
1499,0.9816671,0.6545195579528809,[0.8475905]
